680
2
7
11
16
19
26
28
29
30
31
32
33
38
39
41
42
43
45
46
48
49
53
54
55
60
61
62
63
65
67
73
74
75
78
81
84
85
87
89
90
92
96
99
100
103
108
110
111
114
118
120
122
124
129
130
149
151
152
155
163
165
167
174
179
180
181
183
184
187
196
197
200
201
205
207
208
211
216
217
219
222
228
229
231
240
246
247
249
253
255
256
261
262
263
268
271
274
275
280
283
288
294
295
296
297
299
305
307
308
309
310
312
313
314
318
320
323
326
328
330
332
333
334
337
342
346
347
348
353
358
360
361
364
366
367
369
370
371
372
375
379
386
388
390
391
392
393
394
395
396
405
409
411
414
415
416
418
422
427
429
435
436
439
441
447
449
451
461
463
467
472
473
474
475
477
479
481
483
491
496
498
499
501
503
506
507
508
509
510
513
514
516
521
523
529
534
535
536
538
540
541
543
544
547
548
552
553
559
562
563
564
570
571
573
577
578
580
583
584
585
586
590
595
596
597
598
599
601
603
608
614
616
626
627
630
632
636
638
642
643
646
647
649
650
654
656
658
661
662
666
667
668
670
672
674
677
679
680
681
687
692
693
695
701
707
710
712
718
720
726
728
729
730
737
738
743
744
747
750
761
762
769
771
772
776
781
784
791
798
802
806
809
810
811
813
818
819
823
827
829
834
835
836
839
843
846
847
849
852
854
855
859
865
866
869
873
874
875
877
878
879
880
888
890
891
895
896
897
901
906
908
911
914
916
919
921
923
924
928
929
931
934
939
940
948
949
953
954
955
957
961
962
968
969
972
973
974
975
979
980
981
982
983
984
985
990
992
1000
1001
1003
1005
1008
1010
1012
1013
1015
1017
1019
1022
1027
1028
1029
1030
1033
1034
1036
1044
1045
1047
1052
1055
1057
1058
1060
1064
1065
1074
1075
1076
1082
1084
1085
1089
1093
1098
1104
1105
1108
1110
1119
1122
1124
1127
1130
1133
1137
1140
1143
1144
1145
1147
1148
1149
1150
1160
1162
1164
1167
1168
1171
1173
1175
1176
1178
1182
1184
1185
1186
1190
1192
1193
1194
1204
1206
1208
1214
1221
1222
1226
1230
1234
1235
1237
1238
1245
1247
1248
1254
1259
1260
1267
1268
1269
1270
1273
1274
1278
1280
1287
1305
1306
1307
1308
1310
1311
1312
1316
1318
1319
1324
1328
1329
1333
1337
1348
1350
1360
1363
1366
1371
1376
1377
1378
1379
1382
1385
1386
1397
1399
1402
1404
1407
1413
1418
1419
1424
1426
1427
1436
1437
1438
1445
1446
1447
1450
1455
1456
1458
1459
1460
1465
1467
1473
1475
1476
1478
1479
1480
1482
1487
1488
1490
1491
1492
1494
1497
1498
1500
1510
1513
1517
1520
1522
1526
1527
1529
1530
1534
1537
1538
1541
1551
1554
1555
1556
1559
1561
1566
1571
1573
1576
1578
1584
1586
1589
1593
1600
1602
1603
1606
1608
1609
1610
1614
1620
1621
1623
1626
1629
1630
1639
1641
1644
1646
1647
1652
1654
1656
1659
1667
1669
1671
1675
1677
1680
1683
1687
1688
1693
1704
1705
1706
1715
1716
1718
1725
1726
1728
1737
1739
1741
1742
1743
1746
1747
1748
1749
1750
1751
1755
1757
1758
1760
1761
1763
1764
1766
1767
1772
1773
1776
1777
1784
1788
1797
1800
1802
1803
1804
1806
1810
1817
1819
1821
1827
1832
1834
1835
1838
1842
1843
1844
1846
1863
1864
1869
1874
1877
1878
1880
1883
1884
1895
1897
1903
1904
1907
1909
1910
1916
1918
1921
1928
1931
1936
1938
1940
1944
1946
1948
34
6
14
17
20
21
28
33
39
51
52
57
58
77
80
85
90
91
93
95
105
107
113
117
118
119
130
131
133
142
147
151
154
155
159
