6972
15
19
32
34
37
50
51
57
63
74
79
87
90
99
117
118
119
138
149
153
154
157
160
167
176
196
200
208
223
225
228
231
232
235
241
247
250
254
257
260
267
272
278
283
290
291
294
297
298
307
315
318
326
328
339
345
348
352
358
366
377
413
417
419
420
422
428
432
435
440
444
447
448
449
454
455
458
461
489
494
499
501
510
524
526
532
541
562
570
573
575
585
590
594
605
621
628
635
637
642
649
653
668
669
677
691
693
694
701
705
708
710
727
740
743
754
760
768
771
778
780
787
791
793
811
818
822
823
831
832
835
839
840
842
846
854
867
870
873
878
880
884
886
890
895
899
904
906
910
911
928
931
933
941
943
948
949
953
969
973
975
976
981
984
989
990
991
992
993
997
998
1000
1006
1014
1017
1025
1026
1038
1040
1046
1047
1058
1059
1073
1077
1082
1084
1095
1099
1100
1101
1114
1116
1117
1128
1130
1132
1136
1138
1144
1152
1158
1160
1167
1192
1194
1206
1215
1218
1220
1228
1258
1259
1268
1270
1278
1286
1287
1289
1290
1296
1316
1319
1322
1337
1346
1352
1363
1394
1405
1412
1437
1453
1454
1456
1458
1460
1461
1465
1484
1501
1508
1509
1534
1537
1539
1549
1551
1556
1557
1565
1574
1576
1590
1599
1601
1604
1607
1616
1624
1630
1633
1646
1657
1659
1669
1675
1681
1682
1689
1692
1699
1702
1704
1706
1720
1729
1734
1759
1762
1763
1768
1775
1780
1781
1784
1790
1791
1794
1805
1808
1810
1814
1822
1825
1833
1837
1839
1843
1852
1853
1857
1864
1871
1874
1891
1894
1907
1928
1973
1987
1990
2002
2014
2025
2032
2036
2040
2045
2049
2051
2052
2053
2061
2064
2065
2076
2080
2085
2089
2093
2095
2107
2112
2114
2129
2131
2132
2135
2136
2138
2141
2142
2148
2151
2158
2161
2162
2164
2166
2168
2176
2180
2182
2192
2198
2199
2208
2216
2235
2242
2243
2244
2247
2257
2263
2264
2266
2284
2302
2307
2310
2312
2333
2338
2350
2351
2358
2363
2368
2371
2373
2378
2379
2382
2384
2390
2399
2407
2408
2413
2422
2447
2451
2457
2460
2461
2462
2464
2465
2468
2473
2476
2484
2485
2486
2496
2499
2509
2513
2514
2515
2518
2519
2520
2528
2539
2544
2551
2556
2562
2566
2578
2580
2593
2594
2598
2602
2604
2611
2617
2619
2622
2626
2627
2629
2630
2631
2635
2640
2642
2662
2684
2695
2703
2711
2716
2718
2720
2737
2747
2749
2762
2763
2779
2793
2798
2813
2815
2828
2829
2832
2835
2852
2853
2859
2869
2870
2873
2876
2878
2888
2893
2894
2900
2911
2942
2966
2967
2970
2973
2981
2983
2990
2992
2994
2998
3002
3006
3024
3028
3029
3034
3054
3061
3065
3068
3084
3086
3093
3102
3113
3114
3122
3125
3127
3128
3137
3138
3159
3160
3161
3187
3190
3192
3209
3224
3225
3243
3251
3253
3261
3264
3271
3274
3280
3295
3300
3305
3306
3313
3319
3334
3336
3342
3344
3350
3356
3375
3381
3382
3385
3387
3393
3396
3397
3403
3414
3436
3439
3443
3473
3474
3475
3505
3511
3526
3541
3542
3550
3556
3567
3574
3578
3579
3602
3610
3615
3617
3624
3632
3638
3640
3642
3643
3650
3655
3660
3663
3668
3670
3684
3688
3697
3700
3710
3714
3715
3718
3720
3721
3730
3734
3747
3752
3753
3757
3782
3786
3789
3795
3798
3808
3814
3816
3825
3826
3849
3861
3871
3880
3883
3886
3888
3896
3899
3901
3902
3920
3923
3935
3936
3940
3943
3945
3947
3955
3979
3981
4008
4009
4019
4020
4025
4035
4041
4042
4051
4053
4055
4057
4058
4085
4087
4089
4090
4111
4112
4123
4128
4130
4145
4147
4163
4190
4222
4224
4225
4227
4229
4236
4251
4260
4266
4273
4282
4292
4298
4299
4311
4326
4335
4338
4339
4345
4348
4349
4350
4352
4357
4372
4386
4390
4394
4395
4396
4397
4399
4400
4403
4406
4407
4422
4433
4439
4442
4446
4459
4463
4466
4482
4484
4485
4489
4494
4508
4515
4517
4524
4531
4535
4536
4543
4552
4560
4566
4568
4575
4578
4579
4582
4585
4589
4601
4604
4605
4607
4608
4612
4621
4638
4640
4646
4649
4652
4672
4673
4674
4681
4684
4686
4699
4717
4722
4730
4735
4759
4765
4766
4772
4791
4798
4802
4803
4808
4809
4813
4816
4832
4844
4846
4858
4862
4870
4875
4884
4900
4906
4915
4917
4919
4949
4956
4964
4977
4978
4993
4996
5002
5013
5016
5019
5020
5023
5040
5045
5054
5065
5066
5071
5085
5089
5097
5105
5108
5115
5116
5117
5120
5122
5128
5135
5156
5159
5160
5165
5175
5179
5185
5193
5200
5204
5206
5207
5210
5213
5240
5243
5246
5249
5254
5264
5276
5282
5289
5292
5298
5303
5314
5317
5324
5327
5340
5341
5358
5377
5378
5379
5383
5395
5400
5402
5415
5424
5444
5458
5460
5461
5462
5468
5469
5486
5489
5494
5495
5497
5505
5509
5512
5515
5521
5531
5534
5537
5541
5568
5573
5574
5578
5581
5588
5592
5599
5626
5629
5633
5638
5640
5641
5644
5655
5665
5668
5669
5674
5683
5693
5699
5700
5704
5706
5714
5721
5729
5746
5747
5750
5760
5761
5762
5773
5787
5789
5793
5804
5805
5815
5823
5826
5831
5836
5838
5858
5859
5861
5868
5876
5877
5881
5882
5886
5895
5899
5908
5918
5926
5928
5929
5930
5944
5945
5946
5953
5957
5962
5964
5969
5975
5980
5981
5982
5984
5985
5995
6000
6001
6007
6015
6021
6023
6031
6034
6036
6056
6058
6062
6063
6070
6073
6076
6077
6082
6085
6092
6116
6126
6163
6164
6169
6181
6186
6193
6195
6203
6210
6213
6224
6225
6226
6227
6236
6242
6248
6253
6260
6265
6267
6275
6281
6282
6283
6285
6289
6293
6310
6312
6313
6315
6318
6322
6324
6341
6342
6343
6345
6350
6351
6354
6405
6406
6407
6409
6419
6421
6428
6431
6435
6440
6445
6449
6455
6465
6471
6487
6490
6499
6506
6510
6532
6533
6554
6572
6578
6584
6590
6597
6599
6601
6607
6616
6626
6637
6647
6649
6652
6653
6654
6658
6687
6689
6695
6699
6703
6710
6722
6724
6729
6730
6733
6750
6754
6769
6771
6779
6784
6786
6787
6790
6800
6806
6807
6822
6826
6827
6828
6838
6839
6872
6880
6891
6895
6899
6907
6915
6930
6941
6954
6969
6975
6982
6995
6999
7001
7002
7004
7006
7007
7014
7020
7021
7034
7057
7059
7066
7068
7072
7083
7085
7089
7091
7093
7115
7153
7157
7160
7166
7168
7182
7188
7213
7229
7234
7235
7239
7240
7246
7252
7266
7272
7282
7287
7295
7306
7321
7328
7338
7339
7340
7350
7354
7356
7364
7365
7383
7391
7393
7402
7403
7414
7426
7437
7438
7442
7455
7456
7465
7467
7470
7474
7480
7483
7494
7498
7509
7517
7518
7525
7538
7539
7540
7550
7559
7561
7570
7572
7578
7594
7598
7601
7612
7613
7616
7619
7625
7627
7631
7640
7648
7651
7658
7666
7667
7673
7676
7683
7684
7686
7694
7697
7699
7710
7721
7729
7736
7737
7745
7760
7765
7771
7773
7779
7780
7802
7811
7816
7823
7831
7835
7842
7843
7853
7862
7864
7865
7866
7880
7888
7900
7914
7936
7937
7938
7940
7944
7953
7954
7958
7961
7968
7973
7985
7990
7991
7993
7996
8003
8006
8009
8019
8025
8026
8029
8033
8050
8052
8075
8077
8078
8092
8095
8098
8099
8104
8109
8113
8119
8122
8124
8134
8145
8146
8153
8156
8165
8167
8173
8174
8175
8177
8182
8185
8193
8201
8203
8214
8232
8237
8252
8254
8256
8258
8263
8267
8284
8294
8296
8301
8305
8307
8329
8332
8335
8336
8337
8350
8354
8360
8361
8367
8383
8385
8386
8389
8392
8403
8407
8412
8428
8434
8441
8443
8451
8458
8460
8487
8491
8497
8502
8510
8511
8514
8518
8531
8537
8547
8549
8552
8553
8557
8560
8586
8593
8602
8603
8604
8619
8625
8641
8642
8644
8646
8648
8653
8655
8658
8671
8673
8683
8695
8704
8715
8716
8742
8747
8759
8770
8783
8784
8802
8814
8815
8825
8833
8849
8851
8856
8861
8888
8902
8904
8907
8914
8918
8922
8931
8940
8941
8947
8953
8957
8959
8962
8967
8986
8988
8991
8995
8999
9009
9010
9023
9025
9033
9034
9043
9045
9058
9063
9078
9083
9084
9089
9090
9096
9097
9098
9105
9111
9117
9134
9144
9145
9153
9155
9160
9161
9169
9171
9174
9178
9187
9194
9198
9203
9211
9212
9237
9243
9251
9253
9255
9262
9264
9280
9282
9292
9299
9305
9318
9319
9325
9331
9334
9358
9360
9363
9375
9377
9380
9383
9391
9392
9397
9415
9443
9463
9471
9472
9491
9493
9505
9529
9535
9538
9543
9550
9554
9557
9558
9560
9565
9567
9572
9574
9576
9581
9585
9591
9593
9607
9608
9616
9620
9627
9631
9642
9643
9647
9651
9658
9663
9669
9671
9672
9674
9677
9680
9687
9689
9692
9707
9712
9713
9723
9724
9725
9756
9757
9762
9766
9774
9777
9780
9795
9796
9822
9841
9849
9855
9862
9877
9879
9881
9886
9890
9901
9907
9912
9913
9920
9921
9923
9930
9934
9938
9953
9957
9965
9972
9979
9980
9985
9988
10004
10028
10037
10039
10046
10064
10072
10082
10084
10091
10124
10129
10131
10133
10139
10153
10155
10164
10184
10189
10194
10201
10207
10208
10212
10214
10216
10218
10237
10239
10240
10252
10253
10255
10263
10278
10289
10309
10311
10315
10319
10323
10343
10352
10357
10359
10365
10369
10377
10381
10386
10387
10397
10405
10406
10408
10415
10416
10425
10431
10432
10449
10450
10460
10462
10474
10491
10498
10499
10504
10515
10529
10530
10531
10534
10539
10540
10545
10548
10553
10559
10564
10568
10581
10588
10594
10595
10605
10608
10617
10624
10626
10643
10651
10652
10664
10690
10700
10709
10715
10722
10738
10741
10744
10752
10753
10755
10759
10760
10762
10778
10792
10797
10803
10806
10811
10813
10815
10816
10831
10839
10846
10847
10857
10859
10861
10863
10888
10899
10912
10924
10927
10931
10932
10939
10940
10943
10955
10964
10992
10994
10999
11003
11010
11015
11025
11028
11029
11032
11034
11036
11040
11047
11050
11064
11071
11077
11079
11087
11093
11112
11136
11139
11147
11149
11171
11172
11175
11180
11183
11184
11188
11192
11215
11222
11226
11228
11232
11240
11250
11264
11271
11272
11283
11286
11291
11293
11295
11304
11311
11312
11325
11329
11331
11335
11340
11349
11362
11363
11381
11388
11389
11392
11397
11401
11402
11419
11420
11441
11447
11448
11454
11456
11459
11464
11472
11495
11501
11510
11512
11519
11522
11528
11536
11537
11545
11553
11564
11565
11567
11568
11569
11577
11582
11585
11588
11594
11597
11609
11612
11614
11619
11628
11632
11635
11637
11639
11640
11643
11645
11659
11661
11693
11698
11700
11726
11728
11747
11759
11780
11783
11791
11793
11798
11801
11808
11809
11818
11830
11841
11852
11868
11876
11878
11880
11883
11886
11890
11894
11896
11903
11909
11913
11916
11928
11931
11932
11942
11948
11949
11968
11970
11974
11983
11991
12001
12003
12008
12016
12020
12028
12041
12058
12059
12065
12066
12068
12080
12091
12112
12129
12133
12138
12139
12143
12145
12160
12165
12167
12180
12182
12200
12202
12203
12209
12210
12211
12213
12216
12218
12222
12223
12228
12231
12236
12238
12239
12242
12253
12258
12261
12265
12272
12282
12288
12292
12300
12312
12314
12329
12331
12334
12344
12356
12370
12371
12379
12387
12406
12407
12415
12420
12421
12424
12443
12444
12451
12462
12467
12478
12489
12494
12499
12500
12524
12526
12539
12540
12541
12542
12567
12591
12596
12597
12600
12607
12609
12614
12616
12631
12632
12645
12650
12663
12673
12674
12676
12680
12689
12695
12696
12708
12723
12736
12737
12742
12746
12748
12750
12751
12752
12753
12757
12759
12763
12779
12783
12784
12794
12805
12808
12815
12818
12828
12829
12832
12839
12840
12842
12854
12860
12868
12870
12882
12883
12884
12899
12900
12902
12921
12926
12928
12929
12941
12943
12944
12953
12962
12973
12978
12983
12984
12999
13001
13002
13014
13026
13027
13034
13043
13049
13050
13056
13064
13067
13071
13073
13078
13090
13093
13101
13107
13110
13124
13125
13127
13139
13141
13155
13157
13159
13160
13168
13179
13181
13183
13204
13206
13226
13228
13233
13253
13293
13294
13296
13297
13302
13303
13306
13309
13312
13315
13324
13326
13331
13340
13343
13347
13348
13351
13355
13356
13364
13368
13372
13373
13381
13391
13393
13396
13406
13418
13421
13424
13426
13427
13430
13431
13432
13437
13442
13443
13453
13455
13461
13471
13486
13490
13504
13508
13514
13532
13536
13544
13553
13554
13560
13583
13588
13589
13591
13599
13600
13613
13614
13620
13625
13627
13637
13639
13644
13648
13652
13657
13662
13665
13667
13668
13672
13678
13694
13695
13701
13702
13703
13709
13713
13719
13726
13727
13733
13735
13736
13737
13742
13749
13751
13764
13769
13770
13773
13776
13780
13793
13798
13803
13812
13817
13823
13824
13831
13832
13839
13852
13863
13866
13874
13884
13887
13888
13908
13924
13935
13949
13950
13958
13959
13964
13966
13974
13975
13976
13978
13999
14004
14008
14011
14020
14021
14022
14029
14030
14051
14058
14062
14080
14083
14084
14105
14123
14129
14130
14134
14142
14144
14153
14157
14164
14165
14176
14183
14198
14201
14225
14227
14231
14233
14240
14241
14244
14249
14254
14261
14267
14269
14273
14277
14284
14292
14294
14300
14303
14312
14325
14334
14338
14353
14354
14357
14364
14372
14377
14380
14381
14412
14419
14421
14422
14423
14425
14446
14450
14453
14456
14479
14480
14487
14498
14502
14511
14521
14523
14529
14538
14543
14550
14551
14556
14557
14567
14574
14588
14603
14608
14625
14630
14634
14635
14636
14637
14639
14641
14645
14651
14658
14661
14678
14681
14687
14689
14692
14696
14700
14701
14702
14729
14731
14734
14735
14742
14748
14751
14755
14758
14760
14764
14766
14770
14775
14784
14793
14798
14806
14817
14821
14825
14832
14833
14834
14839
14849
14854
14858
14867
14872
14877
14880
14883
14892
14915
14918
14941
14945
14950
14958
14972
14981
15004
15015
15029
15039
15041
15044
15047
15055
15071
15073
15078
15080
15087
15108
15111
15113
15117
15118
15126
15127
15129
15131
15135
15139
15142
15145
15149
15150
15163
15169
15170
15181
15185
15191
15194
15199
15202
15211
15219
15224
15230
15234
15236
15247
15250
15256
15261
15270
15276
15279
15283
15285
15290
15299
15302
15304
15308
15313
15319
15321
15325
15326
15330
15348
15354
15358
15364
15374
15397
15400
15406
15420
15427
15436
15439
15448
15453
15465
15470
15477
15479
15480
15481
15491
15492
15495
15513
15514
15524
15525
15530
15534
15563
15569
15572
15578
15599
15607
15612
15614
15616
15621
15631
15632
15633
15638
15639
15647
15655
15661
15664
15665
15666
15671
15683
15684
15690
15691
15692
15715
15716
15721
15728
15734
15735
15744
15751
15764
15769
15775
15777
15782
15788
15799
15801
15815
15826
15835
15847
15858
15862
15885
15902
15905
15926
15928
15938
15943
15945
15954
15957
15960
15964
15986
15992
16004
16012
16019
16023
16028
16036
16042
16070
16078
16086
16087
16093
16095
16123
16124
16125
16129
16132
16141
16142
16148
16153
16155
16160
16165
16169
16177
16181
16184
16185
16193
16198
16200
16203
16205
16208
16210
16212
16223
16224
16228
16232
16240
16241
16242
16247
16251
16253
16255
16262
16266
16273
16278
16280
16283
16289
16299
16301
16302
16308
16311
16314
16315
16318
16341
16348
16350
16358
16360
16362
16376
16380
16386
16398
16400
16408
16414
16416
16418
16422
16423
16425
16428
16431
16432
16441
16454
16466
16477
16480
16483
16488
16494
16502
16508
16514
16524
16531
16537
16540
16541
16556
16564
16569
16580
16587
16605
16612
16616
16623
16626
16634
16655
16657
16668
16673
16677
16687
16689
16695
16696
16699
16705
16707
16722
16725
16726
16731
16732
16736
16742
16746
16753
16754
16755
16760
16762
16769
16770
16778
16783
16785
16800
16809
16821
16838
16840
16853
16855
16864
16865
16866
16879
16889
16900
16904
16906
16909
16910
16923
16924
16928
16931
16934
16949
16955
16971
16972
16978
16984
16994
16995
17002
17004
17015
17016
17019
17031
17039
17057
17059
17062
17064
17075
17090
17091
17093
17110
17126
17131
17136
17137
17147
17151
17152
17155
17158
17167
17178
17184
17188
17189
17195
17197
17201
17213
17217
17221
17225
17239
17240
17245
17251
17258
17260
17263
17273
17275
17277
17292
17309
17310
17313
17319
17328
17331
17335
17338
17339
17340
17346
17363
17369
17379
17381
17385
17389
17392
17409
17416
17433
17434
17440
17444
17449
17458
17478
17490
17494
17495
17499
17516
17520
17522
17540
17542
17543
17569
17575
17577
17587
17590
17601
17604
17606
17617
17625
17626
17635
17645
17650
17652
17657
17662
17665
17667
17672
17686
17694
17697
17702
17704
17716
17734
17742
17746
17750
17751
17754
17766
17771
17772
17779
17789
17792
17797
17800
17811
17830
17835
17838
17842
17843
17845
17847
17857
17862
17875
17877
17878
17922
17925
17930
17934
17940
17941
17949
17950
17951
17966
17994
17997
18007
18016
18018
18045
18072
18080
18087
18088
18090
18093
18114
18117
18126
18128
18130
18135
18145
18148
18149
18156
18157
18158
18165
18184
18187
18193
18217
18218
18220
18223
18229
18234
18243
18249
18251
18252
18255
18257
18262
18264
18267
18271
18276
18278
18280
18283
18286
18288
18298
18306
18312
18313
18317
18318
18324
18330
18333
18334
18346
18356
18367
18368
18370
18371
18374
18378
18379
18386
18389
18390
18407
18409
18413
18418
18422
18431
18434
18437
18439
18458
18459
18461
18471
18476
18485
18492
18499
18513
18522
18540
18553
18568
18569
18575
18580
18589
18597
18622
18624
18626
18650
18651
18657
18662
18668
18671
18672
18676
18679
18685
18693
18696
18699
18713
18714
18721
18723
18728
18737
18739
18740
18748
18758
18759
18764
18781
18783
18791
18800
18810
18818
18831
18834
18840
18850
18859
18864
18867
18883
18892
18897
18899
18903
18909
18911
18915
18917
18930
18934
18943
18945
18946
18977
18980
18984
18991
19006
19031
19039
19042
19046
19051
19062
19064
19069
19075
19081
19091
19103
19111
19116
19131
19138
19140
19146
19150
19162
19169
19174
19181
19183
19184
19193
19212
19218
19225
19227
19228
19232
19242
19253
19258
19260
19262
19265
19269
19272
19273
19274
19277
19282
19285
19289
19292
19303
19307
19319
19332
19336
19343
19350
19354
19371
19376
19379
19383
19387
19411
19414
19422
19431
19432
19436
19442
19454
19463
19465
19467
19468
19471
19477
19480
19486
19510
19524
19526
19530
19532
19542
19545
19548
19562
19564
19579
19586
19589
19593
19595
19599
19600
19619
19624
19630
19646
19661
19665
19670
19677
19679
19681
19691
19695
19703
19708
19711
19713
19714
19718
19721
19725
19729
19747
19751
19761
19763
19770
19774
19785
19787
19792
19798
19806
19823
19828
19831
19847
19848
19853
19861
19868
19873
19880
19884
19889
19896
19903
19904
19908
19909
19911
19922
19923
19930
19939
19942
19946
19953
19957
19971
19986
19989
20004
20005
20016
20017
20019
20026
20028
20045
20054
20055
20058
20080
20086
20089
20095
20096
20098
20106
20108
20109
20113
20121
20122
20126
20127
20140
20143
20147
20150
20151
20154
20160
20161
20168
20173
20174
20179
20180
20181
20185
20189
20193
20202
20210
20214
20216
20218
20221
20226
20230
20248
20250
20261
20264
20270
20279
20280
20287
20297
20301
20312
20320
20323
20326
20328
20342
20350
20362
20366
20369
20370
20396
20398
20417
20426
20429
20433
20434
20439
20440
20451
20460
20464
20465
20468
20479
20486
20498
20505
20521
20524
20525
20539
20550
20557
20563
20564
20571
20579
20584
20586
20596
20600
20601
20606
20608
20609
20610
20616
20623
20627
20628
20632
20641
20644
20649
20655
20664
20676
20704
20705
20720
20723
20730
20735
20742
20749
20758
20767
20776
20796
20801
20802
20807
20826
20835
20843
20844
20854
20856
20873
20875
20880
20889
20893
20895
20898
20899
20907
20917
20928
20941
20947
20971
20977
20983
20985
20991
20993
20995
20996
20997
21006
21008
21011
21023
21042
21049
21064
21068
21069
21082
21088
21098
21104
21112
21117
21118
21123
21132
21154
21156
21160
21161
21163
21165
21175
21176
21196
21197
21203
21204
21205
21206
21207
21212
21218
21223
21243
21245
21247
21256
21261
21265
21271
21283
21285
21288
21298
21300
21305
21308
21315
21324
21329
21335
21336
21355
21356
21363
21370
21374
21377
21383
21388
21389
21390
21391
21393
21402
21408
21415
21416
21417
21420
21421
21424
21426
21430
21438
21441
21447
21449
21457
21458
21459
21465
21476
21496
21498
21509
21518
21524
21536
21540
21542
21543
21545
21576
21580
21585
21600
21601
21604
21605
21616
21621
21631
21632
21641
21642
21646
21647
21648
21658
21664
21668
21669
21674
21675
21683
21685
21686
21688
21689
21693
21698
21701
21702
21715
21729
21730
21738
21750
21756
21757
21762
21763
21768
21769
21772
21776
21777
21778
21787
21815
21819
21823
21831
21840
21846
21849
21854
21855
21856
21863
21865
21869
21873
21874
21877
21892
21894
21896
21902
21907
21909
21912
21926
21930
21936
21945
21959
22004
22006
22011
22013
22015
22025
22027
22029
22034
22035
22042
22045
22051
22061
22065
22069
22070
22071
22072
22089
22100
22111
22120
22133
22137
22140
22152
22157
22164
22166
22173
22175
22179
22197
22208
22211
22224
22229
22238
22239
22247
22249
22256
22277
22287
22301
22311
22313
22321
22337
22350
22356
22369
22370
22396
22399
22402
22410
22412
22423
22429
22440
22471
22475
22476
22479
22486
22487
22489
22490
22497
22499
22510
22511
22513
22514
22519
22523
22533
22535
22549
22550
22556
22563
22565
22572
22573
22576
22580
22588
22589
22593
22597
22619
22623
22626
22635
22643
22648
22650
22654
22658
22669
22674
22690
22693
22705
22706
22708
22720
22721
22744
22770
22784
22785
22807
22824
22825
22834
22835
22839
22856
22858
22859
22862
22869
22872
22873
22886
22892
22906
22908
22921
22925
22934
22954
22956
22969
22971
22987
22990
23002
23010
23014
23018
23022
23024
23032
23033
23042
23044
23045
23046
23049
23055
23058
23059
23060
23077
23079
23091
23092
23104
23108
23125
23131
23133
23140
23141
23162
23163
23164
23168
23169
23170
23175
23178
23179
23191
23202
23204
23205
23208
23212
23222
23227
23245
23246
23248
23254
23257
23262
23283
23296
23302
23306
23307
23308
23324
23327
23344
23360
23370
23377
23378
23379
23388
23396
23403
23405
23412
23413
23414
23417
23430
23442
23449
23470
23474
23497
23500
23524
23528
23538
23540
23541
23544
23545
23561
23563
23565
23572
23593
23597
23614
23622
23628
23638
23641
23647
23651
23653
23658
23683
23702
23710
23716
23728
23734
23736
23738
23744
23759
23762
23764
23770
23774
23775
23786
23787
23814
23817
23818
23843
23854
23856
23859
23861
23865
23873
23876
23878
23880
23892
23899
23903
23918
23934
23941
23954
23955
23959
23962
23963
23965
23966
23968
23969
23974
23977
23983
23984
23989
23992
23997
24004
24007
24028
24039
24042
24043
24047
24048
24051
24052
24057
24066
24069
24076
24088
24093
24099
24107
24112
24114
24124
24128
24137
24139
24148
24152
24155
24157
24163
24187
24196
24201
24234
24240
24247
24276
24279
24283
24286
24287
24289
24291
24292
24301
24302
24308
24309
24319
24324
24343
24349
24355
24356
24365
24366
24372
24373
24374
24376
24378
24381
24385
24391
24399
24400
24419
24422
24425
24436
24439
24440
24442
24454
24458
24463
24480
24485
24489
24494
24503
24506
24507
24509
24516
24519
24537
24546
24547
24556
24558
24562
24567
24579
24590
24594
24598
24602
24603
24611
24618
24620
24623
24628
24630
24632
24638
24640
24649
24650
24653
24658
24660
24662
24664
24673
24683
24692
24693
24695
24697
24698
24703
24705
24708
24709
24727
24729
24730
24743
24747
24749
24752
24759
24766
24774
24775
24778
24783
24784
24788
24791
24793
24796
24805
24812
24815
24820
24821
24825
24836
24839
24840
24852
24853
24857
24860
24863
24866
24869
24875
24898
24902
24912
24915
24919
24922
24927
24936
24937
24940
24941
24970
24978
24982
24987
24993
25008
25018
25019
25032
25035
25049
25072
25081
25082
25083
25090
25095
25111
25123
25124
25126
25129
25130
25132
25136
25138
25141
25148
25158
25168
25173
25175
25181
25185
25189
25191
25195
25196
25199
25205
25214
25215
25221
25229
25232
25236
25237
25238
25241
25247
25260
25265
25266
25268
25270
25276
25282
25286
25290
25292
25294
25295
25299
25301
25305
25316
25317
25323
25324
25325
25334
25345
25346
25347
25356
25357
25364
25365
25375
25376
25380
25390
25418
25423
25445
25457
25461
25462
25465
25467
25471
25472
25474
25491
25510
25519
25521
25528
25541
25549
25551
25553
25562
25563
25569
25572
25579
25581
25583
25584
25586
25588
25596
25599
25600
25606
25612
25615
25622
25623
25644
25645
25646
25650
25651
25656
25666
25669
25671
25674
25675
25684
25694
25695
25696
25709
25711
25727
25729
25738
25739
25742
25744
25750
25756
25759
25760
25762
25771
25772
25776
25787
25790
25794
25795
25806
25807
25815
25820
25828
25830
25831
25859
25862
25885
25889
25891
25902
25909
25911
25918
25923
25928
25942
25943
25945
25950
25952
25968
25969
25974
25985
25999
26000
26002
26004
26007
26009
26010
26012
26024
26029
26037
26053
26070
26080
26081
26084
26085
26090
26096
26105
26132
26135
26137
26142
26165
26166
26179
26180
26185
26187
26206
26209
26218
26219
26231
26236
26243
26261
26263
26264
26267
26271
26272
26276
26277
26280
26283
26284
26285
26292
26306
26321
26328
26329
26353
26368
26369
26380
26403
26434
26449
26450
26452
26457
26459
26463
26473
26476
26477
26483
26491
26495
26499
26509
26512
26524
26527
26533
26537
26547
26548
26553
26558
26559
26560
26569
26574
26575
26579
26586
26587
26592
26601
26612
26613
26621
26645
26652
26657
26662
26663
26667
26668
26672
26673
26674
26682
26694
26696
26719
26723
26737
26738
26741
26742
26746
26751
26761
26767
26768
26775
26776
26786
26792
26800
26807
26810
26813
26818
26825
26829
26833
26842
26844
26852
26854
26865
26867
26880
26884
26890
26896
26921
26929
26931
26941
26945
26946
26963
26980
26993
27001
27005
27006
27008
27016
27029
27043
27046
27049
27066
27069
27072
27088
27090
27096
27106
27127
27134
27143
27148
27156
27199
27201
27212
27214
27222
27225
27226
27227
27228
27237
27240
27241
27246
27247
27267
27270
27274
27280
27283
27287
27288
27291
27305
27306
27309
27311
27315
27316
27321
27322
27325
27328
27331
27336
27353
27357
27358
27362
27369
27372
27374
27379
27383
27394
27401
27416
27417
27425
27440
27441
27443
27449
27451
27460
27464
27474
27475
27483
27484
27486
27495
27496
27506
27515
27523
27527
27528
27535
27539
27540
27546
27554
27559
27561
27563
27565
27568
27581
27603
27604
27611
27617
27621
27623
27629
27631
27634
27641
27644
27650
27666
27677
27683
27688
27692
27695
27704
27708
27713
27724
27735
27752
27766
27783
27794
27796
27798
27804
27819
27822
27840
27849
27857
27863
27864
27875
27876
27877
27879
27880
27886
27912
27916
27923
27933
27946
27975
27993
27996
28012
28014
28017
28022
28024
28029
28032
28044
28052
28053
28056
28061
28070
28079
28089
28093
28096
28102
28109
28135
28138
28143
28147
28151
28156
28161
28162
28172
28174
28175
28179
28182
28184
28186
28196
28204
28206
28208
28211
28218
28219
28220
28237
28238
28243
28247
28257
28258
28268
28270
28271
28275
28280
28292
28306
28319
28321
28326
28339
28354
28367
28369
28373
28379
28381
28382
28389
28391
28393
28408
28415
28417
28421
28423
28427
28430
28456
28458
28478
28491
28493
28495
28507
28512
28514
28515
28520
28525
28543
28563
28569
28572
28581
28584
28590
28598
28610
28611
28621
28622
28624
28626
28627
28631
28633
28640
28647
28673
28683
28688
28698
28700
28704
28712
28713
28714
28720
28723
28726
28727
28731
28734
28736
28749
28750
28751
28757
28760
28782
28791
28798
28799
28804
28812
28813
28835
28837
28841
28843
28847
28850
28866
28872
28880
28884
28890
28891
28895
28902
28903
28907
28911
28919
28923
28924
28925
28928
28930
28933
28936
28939
28940
28946
28972
28976
28977
28984
28985
28991
28997
29005
29017
29020
29021
29025
29026
29035
29053
29068
29073
29089
29095
29096
29104
29107
29124
29128
29131
29138
29146
29159
29161
29162
29171
29177
29180
29209
29211
29217
29218
29222
29227
29231
29239
29240
29254
29255
29256
29264
29275
29276
29278
29280
29285
29297
29302
29318
29320
29323
29335
29339
29340
29359
29369
29371
29374
29379
29387
29413
29418
29422
29440
29461
29479
29480
29490
29492
29495
29499
29500
29503
29515
29518
29525
29537
29541
29544
29546
29560
29574
29586
29589
29591
29595
29600
29606
29612
29623
29632
29636
29639
29640
29642
29646
29647
29653
29659
29669
29674
29678
29683
29687
29692
29695
29699
29703
29706
29712
29719
29741
29742
29754
29755
29757
29758
29767
29773
29774
29779
29784
29786
29797
29799
29803
29806
29825
29826
29841
29844
29849
29854
29872
29874
29875
29884
29892
29894
29895
29896
29902
29915
29921
29925
29929
29933
29940
29944
29945
29954
29961
29963
29964
29966
29971
29982
29983
29987
29988
29998
29999
30003
30012
30014
30021
30041
30043
30047
30049
30055
30060
30073
30090
30096
30132
30141
30142
30145
30153
30161
30162
30176
30178
30187
30193
30194
30202
30208
30217
30220
30223
30227
30237
30251
30263
30268
30270
30271
30273
30278
30282
30285
30288
30290
30291
30295
30298
30304
30309
30312
30314
30328
30337
30341
30344
30345
30346
30349
30353
30354
30363
30364
30376
30378
30383
30384
30395
30398
30402
30403
30406
30410
30416
30427
30428
30436
30437
30439
30463
30468
30475
30477
30478
30481
30483
30486
30493
30498
30501
30504
30506
30507
30514
30531
30541
30563
30573
30574
30579
30585
30588
30608
30611
30626
30627
30633
30637
30643
30647
30650
30653
30660
30663
30667
30674
30694
30707
30713
30716
30724
30725
30743
30756
30760
30770
30771
30778
30787
30813
30818
30819
30820
30821
30823
30838
30842
30843
30844
30857
30866
30884
30894
30897
30900
30901
30903
30912
30922
30935
30940
30941
30943
30972
30973
30979
30987
31001
31002
31011
31024
31026
31031
31035
31038
31039
31042
31043
31050
31052
31054
31084
31091
31096
31098
31102
31109
31115
31120
31123
31128
31130
31134
31137
31142
31147
31152
31153
31155
31163
31168
31169
31189
31192
31200
31204
31207
31214
31219
31220
31228
31235
31237
31238
31243
31256
31258
31259
31265
31266
31267
31270
31271
31277
31278
31285
31286
31287
31297
31304
31305
31308
31313
31321
31322
31328
31330
31334
31335
31357
31359
31378
31391
31394
31397
31399
31418
31422
31424
31467
31469
31470
31471
31490
31492
31493
31500
31503
31504
31506
31522
31523
31530
31534
31535
31545
31560
31573
31580
31581
31582
31588
31589
31605
31617
31621
31632
31634
31637
31640
31645
31646
31656
31662
31664
31668
31671
31674
31682
31689
31692
31710
31724
31726
31744
31745
31753
31758
31762
31778
31780
31793
31802
31811
31844
31854
31856
31858
31859
31860
31865
31867
31885
31886
31890
31897
31906
31908
31909
31910
31928
31932
31948
31951
31957
31965
31980
31983
31989
31996
31999
32004
32016
32022
32024
32035
32036
32048
32054
32056
32069
32073
32077
32084
32096
32101
32105
32112
32119
32120
32124
32129
32134
32137
32146
32155
32161
32168
32187
32190
32207
32212
32223
32233
32234
32236
32242
32245
32248
32250
32256
32260
32265
32276
32292
32309
32320
32324
32330
32334
32342
32357
32363
32371
32386
32389
32390
32391
32395
32399
32411
32415
32416
32428
32431
32439
32442
32464
32470
32474
32489
32498
32500
32504
32507
32511
32514
32516
32525
32526
32536
32540
32542
32545
32559
32560
32564
32566
32571
32582
32587
32590
32599
32602
32618
32624
32630
32632
32634
32642
32644
32660
32675
32681
32694
32717
32730
32733
32735
32742
32755
32764
32774
32779
32785
32807
32812
32837
32839
32840
32849
32853
32856
32863
32873
32879
32885
32886
32891
32896
32899
32902
32910
32913
32914
32916
32923
32926
32930
32931
32932
32933
32938
32944
32964
32975
32982
32989
32991
32992
32993
32999
33002
33008
33009
33023
33026
33030
33035
33037
33042
33044
33045
33048
33049
33063
33074
33088
33089
33103
33106
33108
33123
33146
33151
33162
33170
33173
33182
33192
33195
33207
33211
33213
33214
33215
33226
33228
33239
33242
33246
33251
33256
33270
33274
33275
33279
33280
33291
33292
33296
33298
33313
33315
33316
33325
33330
33342
33347
33364
33368
33369
33372
33373
33375
33379
33383
33392
33396
33400
33407
33419
33421
33424
33429
33440
33454
33464
33470
33475
33483
33485
33488
33492
33496
33497
33506
33535
33551
33561
33576
33583
33585
33592
33597
33607
33609
33615
33624
33626
33638
33639
33640
33641
33643
33659
33660
33669
33674
33683
33693
33698
33718
33737
33768
33771
33785
33789
33794
33798
33812
33813
33814
33818
33822
33835
33840
33848
33855
33858
33882
33889
33891
33903
33913
33917
33918
33922
33924
33931
33941
33943
33950
33951
33955
33957
33966
33967
33976
33988
33994
33996
34002
34003
34009
34019
34026
34030
34035
34039
34040
34041
34042
34046
34052
34053
34055
34059
34072
34079
34081
34084
34092
34093
34094
34099
34107
34111
34115
34117
34119
34121
34131
34132
34136
34141
34143
34145
34148
34155
34160
34162
34163
34169
34171
34180
34185
34187
34194
34203
34204
34209
34212
34214
34235
34239
34243
34250
34251
34259
34271
34275
34289
34292
34309
34314
34319
34326
34329
34331
34336
34338
34347
34349
34357
34359
34360
34363
34372
34382
34386
34389
34390
34394
34400
34401
34403
34404
34420
34425
34428
34438
34439
34449
34452
34453
34455
34456
34458
34459
34462
34464
34475
34478
34492
34495
34499
34521
34534
34540
34541
34549
34558
34559
34564
34566
34567
34573
34574
34595
34598
34599
34608
34630
34631
34633
34637
34643
34649
34653
34662
34665
34674
34679
34691
34694
34700
34717
34718
34734
34736
34749
34776
34778
34779
34785
34794
34798
34799
34800
34812
34817
34823
34827
34839
34846
34856
34862
34864
34865
34870
34879
34886
34888
34889
34900
34916
34917
34919
34921
34932
34946
34959
34965
34975
34984
35014
35019
35026
35034
35037
35038
35044
35054
35072
35073
35074
35084
35089
35094
35106
35112
35122
35135
35143
35152
35155
35156
35173
35175
35176
35182
35183
35191
35192
35193
35197
35198
35227
35231
35237
35238
35241
35242
35245
35246
35250
35270
35277
35284
35288
35292
35298
35302
35307
35310
35313
35314
35315
35320
35321
35322
35333
35343
35345
35349
35351
35357
35360
35362
35363
35369
35380
35392
35394
35396
35409
35413
35418
35419
35427
35428
35431
35434
35437
35440
35442
35444
35447
35448
35468
35470
35474
35497
35513
35526
35529
35530
35535
35538
35544
35546
35551
35570
35582
35583
35590
35599
35602
35612
35614
35632
35634
35635
35636
35649
35650
35664
35667
35674
35684
35686
35692
35708
35712
35720
35725
35726
35727
35732
35738
35745
35758
35762
35766
35768
35775
35779
35781
35791
35822
35863
35865
35872
35884
35891
35899
35904
35909
35910
35918
35920
35923
35924
35928
35934
35939
35945
35948
35949
35953
35955
35959
35965
35983
35984
36006
36011
36014
36021
36023
36028
36029
36032
36040
36059
36063
36064
36066
36076
36082
36102
36108
36133
36138
36143
36146
36152
36153
36156
36158
36168
36169
36173
36174
36176
36187
36188
36202
36203
36216
36219
36250
36260
36290
36293
36300
36309
36310
36319
36322
36330
36335
36336
36337
36352
36366
36406
36414
36417
36419
36426
36427
36429
36431
36439
36446
36454
36455
36456
36472
36482
36487
36490
36496
36498
36519
36520
36522
36539
36552
36563
36568
36569
36576
36578
36581
36583
36584
36587
36591
36609
36612
36615
36616
36635
36639
36647
36649
36658
36661
36665
36682
36689
36690
36694
36698
36705
36706
36712
36716
36720
36726
36728
36730
36735
36746
36749
36752
36756
36757
36774
36803
36816
36817
36824
36825
36834
36838
36845
36846
36863
36867
36870
36875
36876
36888
36894
36895
36899
36903
36908
36923
36927
36931
36933
36936
36947
36951
36952
36957
36969
36970
36983
36999
37009
37020
37027
37049
37050
37054
37063
37065
37070
37073
37082
37089
37109
37110
37114
37119
37123
37126
37127
37133
37136
37139
37140
37145
37160
37170
37177
37191
37193
37201
37206
37207
37212
37219
37223
37226
37231
37232
37238
37250
37259
37262
37265
37279
37280
37293
37302
37307
37327
37335
37337
37346
37348
37358
37365
37367
37373
37379
37385
37399
37409
37416
37425
37432
37443
37444
37453
37462
37468
37474
37484
37489
37501
37512
37518
37526
37527
37529
37530
37532
37548
37549
37552
37554
37561
37569
37570
37571
37576
37590
37594
37597
37641
37657
37658
37667
37670
37678
37686
37694
37696
37700
37704
37709
37710
37711
37727
37728
37733
37764
37775
37781
37782
37783
37789
37804
37816
37831
37836
37843
37847
37848
37859
37865
37871
37878
37881
37884
37888
37889
37897
37898
37899
37906
37908
37913
37920
37921
37929
37930
37931
37935
37937
37966
37972
37979
37985
37987
37994
37995
38007
38011
38013
38014
38017
38019
38030
38038
38040
38046
38052
38061
38068
38087
38088
38104
38109
38115
38119
38122
38138
38160
38162
38164
38169
38171
38173
38177
38187
38238
38252
38275
38281
38284
38287
38306
38307
38311
38315
38318
38332
38334
38353
38355
38362
38382
38383
38392
38404
38414
38427
38430
38436
38439
38451
38463
38464
38465
38466
38478
38493
38495
38496
38497
38498
38499
38500
38503
38507
38513
38525
38526
38533
38534
38544
38545
38546
38555
38577
38583
38598
38611
38613
38615
38620
38626
38628
38648
38654
38657
38672
38680
38684
38685
38699
38712
38714
38720
38723
38727
38728
38748
38754
38755
38784
38786
38790
38791
38793
38795
38797
38798
38813
38814
38816
38819
38827
38837
38843
38853
38855
38859
38869
38874
38881
38894
38896
38915
38924
38940
38948
38961
38968
38975
38980
38982
39001
39009
39034
39038
39044
39049
39061
39078
39079
39080
39086
39087
39088
39089
39098
39104
39105
39112
39117
39128
39131
39133
39142
39164
39170
39173
39178
39191
39196
39201
39204
39209
39210
39232
39256
39271
39278
39281
39289
39290
39292
39296
39299
39301
39305
39307
39310
39318
39323
39336
39337
39348
39370
39371
39379
39386
39394
39402
39403
39408
39414
39421
39423
39437
39440
39441
39444
39445
39455
39465
39468
39469
39470
39473
39476
39477
39484
39499
39501
39506
39517
39529
39533
39534
39536
39549
39550
39555
39556
39559
39565
39573
39575
39580
39581
39584
39585
39601
39604
39608
39609
39611
39617
39620
39624
39633
39636
39638
39655
39669
39683
39687
39696
39700
39717
39720
39732
39745
39749
39750
39752
39754
39755
39759
39760
39763
39764
39765
39767
39769
39771
39789
39792
39804
39809
39812
39813
39817
39822
39825
39834
39839
39840
39843
39848
39864
39869
39876
39878
39886
39892
39901
39904
39906
39908
39909
39920
39922
39923
39925
39929
39938
39945
39950
39956
39962
39977
39980
39984
39988
39989
39990
39993
39996
39999
40001
40005
40011
40019
40026
40030
40037
40041
40056
40059
40079
40086
40089
40093
40095
40107
40110
40114
40118
40133
40134
40135
40141
40147
40148
40149
40151
40160
40162
40173
40183
40187
40188
40195
40201
40202
40205
40210
40217
40218
40226
40240
40242
40249
40255
40260
40265
40270
40274
40280
40290
40291
40292
40293
40299
40308
40310
40311
40330
40331
40333
40334
40337
40344
40346
40349
40352
40353
40358
40364
40368
40372
40379
40392
40405
40408
40412
40415
40416
40423
40435
40436
40438
40453
40454
40455
40463
40471
40474
40478
40485
40503
40518
40519
40532
40535
40553
40561
40569
40583
40585
40597
40599
40601
40608
40609
40611
40622
40624
40627
40631
40640
40641
40643
40645
40648
40649
40672
40689
40705
40709
40716
40717
40719
40729
40742
40743
40750
40756
40757
40760
40770
40771
40785
40788
40796
40797
40799
40800
40802
40811
40823
40834
40835
40836
40838
40845
40864
40873
40875
40878
40879
40894
40900
40921
40926
40929
40933
40938
40948
40954
40957
40958
40961
40963
40965
40966
40968
40969
40977
40981
40985
40991
41006
41011
41012
41015
41017
41019
41021
41023
41031
41036
41039
41045
41056
41059
41069
41070
41071
41072
41076
41081
41082
41086
41087
41089
41104
41107
41110
41113
41119
41122
41127
41133
41138
41139
41170
41172
41182
41188
41208
41210
41215
41217
41219
41228
41233
41238
41243
41248
41253
41254
41263
41265
41278
41286
41288
41308
41317
41320
41327
41332
41345
41350
41352
41355
41365
41380
41386
41392
41394
41395
41409
41410
41424
41425
41429
41431
41437
41443
41447
41455
41458
41460
41465
41468
41476
41478
41479
41480
41482
41498
41511
41516
41522
41528
41529
41532
41536
41545
41548
41553
41585
41588
41596
41609
41610
41613
41623
41633
41649
41651
41652
41655
41669
41674
41675
41676
41679
41684
41686
41694
41696
41699
41701
41725
41726
41733
41738
41746
41747
41749
41766
41769
41780
41782
41790
41797
41802
41804
41808
41810
41812
41816
41828
41830
41839
41850
41853
41855
41868
41870
41876
41886
41888
41891
41894
41898
41904
41920
41932
41934
41936
41938
41948
41950
41952
41957
41961
41965
41972
41973
41978
41980
41981
41999
42008
42015
42020
42026
42038
42048
42064
42065
42066
42071
42073
42077
42082
42086
42089
42090
42101
42121
42140
42152
42157
42161
42162
42165
42170
42174
42190
42207
42214
42220
42222
42223
42230
42235
42236
42237
42248
42249
42250
42254
42271
42272
42274
42279
42299
42304
42319
42330
42352
42354
42362
42366
42384
42385
42392
42396
42399
42402
42405
42408
42410
42420
42422
42424
42426
42427
42428
42434
42447
42451
42452
42469
42471
42474
42475
42486
42489
42491
42509
42524
42564
42565
42567
42581
42590
42594
42612
42617
42618
42620
42627
42629
42631
42640
42643
42651
42657
42658
42660
42662
42663
42674
42681
42685
42692
42703
42716
42725
42726
42737
42748
42764
42773
42775
42781
42782
42786
42798
42802
42821
42822
42856
42857
42875
42879
42885
42888
42897
42898
42909
42915
42926
42932
42936
42948
42960
42972
42974
42981
42983
43001
43008
43009
43017
43021
43026
43061
43080
43084
43093
43100
43105
43110
43123
43124
43127
43140
43149
43151
43154
43156
43162
43170
43172
43178
43179
43184
43195
43197
43199
43203
43205
43212
43222
43236
43244
43245
43250
43251
43253
43267
43275
43281
43284
43298
43299
43301
43305
43308
43311
43312
43314
43316
43317
43320
43323
43326
43332
43333
43335
43340
43342
43355
43356
43364
43366
43373
43383
43393
43399
43404
43407
43410
43419
43424
43426
43433
43437
43441
43450
43453
43456
43461
43470
43471
43472
43474
43476
43479
43484
43490
43494
43504
43505
43515
43519
43520
43525
43529
43532
43553
43562
43567
43572
43573
43583
43585
43602
43605
43609
43616
43619
43621
43622
43636
43639
43643
43651
43654
43665
43668
43680
43695
43709
43717
43719
43723
43727
43728
43733
43763
43764
43769
43771
43785
43801
43803
43806
43812
43825
43827
43828
43829
43833
43841
43847
43848
43850
43853
43856
43860
43878
43882
43884
43885
43888
43894
43903
43905
43909
43916
43959
43978
43982
43984
43991
44009
44012
44020
44022
44023
44049
44052
44054
44064
44070
44082
44092
44097
44103
44107
44126
44133
44136
44148
44150
44162
44164
44166
44188
44189
9
118
147
222
247
284
385
420
428
447
