6625
10
13
15
17
19
20
28
32
33
34
50
51
63
74
79
81
85
86
87
90
99
104
108
118
119
124
138
148
153
154
182
185
193
196
198
208
209
236
239
241
250
253
272
290
291
298
307
326
328
337
339
345
347
351
366
413
417
420
428
432
444
451
454
458
461
466
486
487
494
501
510
512
517
518
524
532
540
548
552
553
559
561
570
573
578
582
585
595
621
635
637
653
669
684
688
694
718
740
743
745
754
767
787
791
793
796
797
808
811
814
815
823
835
840
842
845
864
867
871
873
878
880
884
886
895
899
906
911
928
931
941
943
948
949
953
966
969
973
975
976
984
992
993
1000
1001
1007
1017
1026
1040
1052
1059
1073
1077
1082
1084
1095
1097
1099
1100
1101
1117
1126
1128
1136
1138
1158
1165
1189
1194
1206
1215
1218
1222
1228
1250
1253
1254
1258
1259
1266
1268
1270
1271
1272
1274
1284
1286
1287
1288
1289
1290
1306
1329
1352
1355
1363
1388
1398
1405
1412
1415
1428
1429
1442
1447
1451
1454
1458
1460
1461
1462
1465
1469
1470
1475
1478
1484
1498
1508
1509
1519
1523
1537
1539
1565
1576
1589
1590
1594
1595
1601
1604
1614
1616
1624
1628
1633
1665
1680
1682
1689
1690
1691
1692
1696
1699
1703
1706
1724
1725
1729
1733
1737
1759
1762
1763
1768
1780
1781
1790
1792
1793
1798
1805
1814
1822
1833
1834
1851
1852
1857
1871
1879
1880
1882
1885
1894
1895
1907
1910
1911
1924
1957
1980
1984
1988
1990
1999
2000
2002
2014
2020
2025
2036
2049
2051
2054
2061
2064
2076
2081
2085
2088
2089
2093
2095
2112
2120
2132
2136
2141
2142
2148
2158
2164
2166
2170
2174
2178
2180
2184
2198
2200
2208
2216
2217
2235
2243
2244
2253
2254
2255
2257
2263
2264
2266
2269
2281
2284
2292
2302
2310
2312
2321
2323
2338
2363
2364
2365
2370
2373
2378
2389
2390
2422
2445
2450
2451
2457
2462
2464
2465
2483
2484
2485
2486
2494
2496
2499
2509
2518
2519
2520
2522
2528
2544
2546
2547
2552
2556
2562
2566
2583
2594
2616
2617
2619
2626
2627
2629
2635
2636
2642
2662
2670
2694
2695
2700
2701
2703
2711
2718
2747
2762
2763
2779
2820
2828
2829
2830
2832
2834
2835
2849
2852
2869
2872
2873
2881
2883
2888
2889
2893
2894
2904
2923
2937
2940
2943
2946
2953
2964
2966
2967
2970
2983
2989
2994
2998
3002
3011
3028
3029
3034
3035
3038
3046
3055
3061
3062
3068
3078
3085
3086
3102
3110
3113
3125
3128
3131
3137
3138
3142
3148
3149
3159
3176
3192
3199
3209
3210
3224
3237
3251
3261
3264
3271
3273
3285
3295
3299
3300
3308
3312
3315
3319
3336
3352
3356
3365
3366
3370
3385
3389
3393
3396
3397
3411
3414
3451
3456
3457
3458
3473
3474
3485
3494
3498
3505
3508
3513
3551
3556
3564
3567
3578
3581
3595
3597
3600
3602
3610
3613
3615
3617
3624
3628
3638
3642
3643
3652
3655
3659
3662
3668
3670
3684
3688
3697
3700
3710
3714
3715
3720
3728
3731
3734
3747
3757
3789
3792
3795
3798
3802
3808
3812
3820
3825
3826
3836
3840
3866
3867
3871
3878
3880
3882
3895
3897
3926
3932
3935
3945
3947
3954
3955
3959
3962
3963
3979
3984
3985
3993
4000
4008
4019
4031
4042
4049
4053
4055
4059
4080
4087
4090
4095
4103
4111
4124
4128
4130
4147
4163
4222
4224
4229
4235
4236
4247
4260
4273
4280
4282
4292
4298
4303
4311
4316
4326
4335
4338
4339
4345
4348
4349
4350
4352
4355
4357
4386
4390
4394
4395
4396
4397
4405
4407
4422
4429
4435
4442
4446
4459
4466
4473
4482
4484
4508
4515
4525
4528
4533
4536
4541
4547
4552
4556
4566
4575
4578
4579
4582
4584
4589
4594
4602
4603
4605
4612
4621
4638
4640
4641
4650
4662
4668
4671
4673
4674
4684
4692
4710
4718
4722
4730
4732
4735
4754
4760
4765
4778
4781
4802
4803
4809
4844
4846
4856
4858
4860
4862
4875
4884
4915
4945
4956
4964
4977
4993
5002
5003
5009
5013
5016
5020
5023
5040
5045
5058
5065
5075
5085
5089
5093
5105
5108
5115
5116
5117
5120
5135
5140
5148
5153
5156
5159
5175
5178
5179
5185
5193
5204
5205
5206
5207
5209
5219
5227
5239
5240
5243
5249
5252
5254
5274
5282
5289
5291
5292
5296
5307
5314
5317
5340
5355
5366
5373
5378
5379
5383
5387
5395
5400
5402
5404
5414
5415
5424
5428
5436
5444
5458
5460
5462
5468
5486
5489
5494
5495
5507
5512
5518
5521
5531
5534
5541
5562
5573
5578
5581
5587
5588
5592
5599
5606
5626
5629
5644
5655
5668
5669
5673
5674
5693
5699
5700
5706
5720
5721
5736
5743
5750
5760
5762
5768
5773
5799
5800
5804
5805
5808
5815
5823
5838
5845
5853
5877
5881
5882
5899
5904
5908
5921
5925
5930
5934
5937
5939
5946
5962
5976
5978
5980
5981
5984
5995
6000
6021
6023
6027
6031
6032
6034
6036
6062
6070
6073
6076
6077
6082
6107
6108
6111
6126
6163
6164
6169
6172
6181
6193
6194
6195
6213
6218
6224
6226
6227
6236
6242
6253
6257
6267
6268
6275
6281
6282
6283
6285
6289
6293
6298
6306
6312
6313
6314
6318
6342
6343
6350
6351
6354
6361
6366
6407
6421
6439
6441
6445
6450
6455
6465
6467
6471
6488
6502
6506
6533
6557
6571
6572
6584
6588
6590
6607
6620
6621
6624
6626
6629
6641
6647
6650
6653
6654
6658
6665
6668
6687
6688
6689
6699
6703
6710
6711
6713
6716
6718
6722
6723
6729
6730
6738
6774
6784
6787
6800
6806
6807
6813
6832
6839
6870
6871
6872
6881
6895
6913
6915
6965
6967
6975
6989
6990
6991
6999
7004
7006
7007
7014
7020
7022
7023
7032
7043
7046
7055
7057
7066
7068
7083
7086
7089
7093
7121
7136
7151
7155
7157
7159
7160
7168
7177
7190
7191
7194
7229
7230
7234
7235
7247
7266
7272
7276
7287
7290
7295
7312
7314
7327
7328
7330
7338
7342
7351
7354
7356
7365
7366
7383
7391
7392
7393
7402
7407
7414
7416
7435
7437
7438
7442
7456
7459
7465
7467
7470
7472
7478
7480
7483
7493
7494
7504
7509
7517
7518
7525
7540
7546
7554
7559
7561
7569
7594
7613
7616
7619
7630
7631
7652
7654
7658
7663
7666
7667
7668
7680
7683
7684
7690
7694
7699
7705
7710
7712
7715
7717
7729
7730
7732
7743
7754
7757
7758
7760
7767
7773
7774
7775
7777
7780
7790
7797
7802
7806
7811
7816
7827
7831
7833
7839
7866
7871
7879
7880
7886
7912
7926
7928
7936
7938
7940
7953
7954
7958
7973
7989
7990
7993
7996
8006
8016
8029
8033
8037
8041
8052
8084
8085
8095
8098
8099
8104
8113
8122
8124
8129
8133
8134
8137
8145
8147
8151
8153
8156
8158
8167
8173
8174
8176
8182
8193
8194
8195
8203
8214
8222
8223
8232
8237
8254
8256
8258
8263
8269
8270
8281
8283
8284
8301
8305
8321
8328
8335
8337
8350
8353
8354
8367
8386
8403
8407
8412
8437
8441
8444
8447
8451
8458
8466
8473
8480
8483
8487
8497
8502
8503
8510
8511
8514
8518
8531
8547
8548
8551
8552
8586
8593
8601
8602
8608
8614
8617
8625
8633
8641
8644
8648
8653
8658
8662
8673
8695
8701
8704
8715
8716
8722
8731
8742
8747
8748
8759
8770
8783
8784
8801
8802
8812
8814
8815
8828
8829
8851
8856
8858
8861
8877
8902
8904
8907
8914
8918
8923
8931
8940
8941
8942
8947
8948
8957
8959
8967
8971
8981
8986
8988
8999
9010
9014
9023
9025
9034
9043
9055
9080
9083
9084
9087
9096
9097
9100
9105
9111
9117
9144
9145
9153
9158
9160
9165
9169
9171
9172
9174
9175
9177
9178
9180
9187
9194
9198
9212
9221
9237
9251
9252
9255
9264
9280
9282
9284
9290
9292
9295
9311
9319
9325
9334
9346
9363
9370
9375
9391
9392
9393
9397
9412
9427
9462
9472
9475
9491
9503
9517
9529
9543
9550
9554
9558
9574
9576
9584
9585
9593
9607
9608
9620
9622
9631
9637
9663
9668
9677
9689
9692
9707
9713
9724
9725
9728
9750
9762
9765
9766
9767
9777
9780
9788
9789
9796
9799
9818
9825
9849
9856
9858
9862
9863
9866
9881
9886
9890
9907
9912
9921
9934
9938
9948
9957
9962
9965
9971
9972
9980
9985
9999
10004
10013
10030
10033
10039
10040
10046
10049
10082
10084
10089
10091
10096
10100
10106
10129
10131
10133
10139
10144
10153
10164
10184
10186
10194
10197
10199
10214
10216
10235
10237
10238
10239
10241
10242
10247
10252
10253
10285
10289
10291
10311
10317
10319
10320
10321
10323
10327
10331
10349
10360
10365
10377
10384
10386
10397
10412
10415
10419
10423
10429
10439
10444
10449
10462
10464
10475
10480
10491
10499
10504
10510
10530
10531
10534
10536
10539
10540
10545
10548
10553
10556
10564
10581
10594
10600
10609
10617
10622
10625
10635
10637
10643
10651
10664
10674
10700
10705
10713
10715
10722
10745
10749
10752
10759
10760
10803
10806
10813
10815
10816
10819
10831
10839
10846
10847
10851
10859
10861
10863
10870
10871
10896
10899
10905
10908
10926
10927
10931
10932
10939
10955
10967
10975
10995
11001
11003
11010
11011
11030
11033
11034
11046
11060
11079
11082
11087
11093
11102
11112
11114
11131
11139
11161
11171
11172
11174
11180
11181
11183
11184
11188
11191
11192
11193
11196
11210
11214
11222
11228
11232
11234
11264
11267
11271
11283
11290
11295
11301
11309
11322
11325
11327
11331
11362
11363
11369
11381
11389
11391
11392
11393
11395
11419
11420
11430
11440
11442
11447
11448
11454
11456
11464
11478
11512
11522
11530
11536
11537
11542
11547
11553
11556
11564
11567
11568
11569
11585
11594
11598
11605
11612
11614
11637
11639
11662
11665
11668
11671
11698
11700
11701
11726
11728
11744
11746
11747
11759
11769
11783
11791
11793
11798
11801
11808
11830
11841
11852
11868
11880
11896
11901
11909
11913
11916
11922
11928
11929
11933
11942
11946
11948
11949
11970
11990
11991
12001
12003
12016
12029
12036
12041
12046
12048
12058
12059
12066
12067
12068
12073
12080
12091
12093
12111
12112
12129
12136
12138
12143
12145
12146
12148
12185
12203
12209
12211
12213
12214
12216
12219
12221
12227
12232
12235
12238
12239
12242
12257
12258
12261
12265
12266
12267
12272
12278
12282
12292
12296
12297
12300
12312
12314
12331
12334
12341
12356
12362
12370
12375
12379
12387
12392
12407
12420
12421
12424
12444
12447
12462
12469
12494
12500
12506
12517
12535
12536
12539
12541
12542
12548
12557
12558
12579
12596
12597
12600
12607
12614
12616
12631
12632
12643
12645
12650
12653
12661
12674
12676
12680
12681
12686
12696
12708
12723
12734
12736
12738
12741
12742
12746
12747
12748
12750
12751
12759
12763
12764
12767
12771
12780
12798
12805
12808
12813
12815
12818
12823
12828
12829
12839
12840
12842
12854
12857
12883
12896
12904
12906
12909
12912
12928
12932
12941
12943
12944
12962
12968
12973
12978
12980
12984
12992
13002
13013
13016
13020
13027
13034
13037
13049
13050
13051
13064
13067
13090
13093
13107
13110
13127
13139
13141
13143
13152
13154
13160
13168
13179
13183
13187
13202
13212
13222
13227
13233
13238
13253
13280
13281
13287
13294
13306
13309
13314
13315
13324
13326
13331
13340
13348
13351
13355
13356
13381
13396
13408
13416
13422
13424
13426
13430
13432
13437
13438
13442
13443
13450
13464
13475
13484
13486
13504
13508
13514
13532
13536
13544
13546
13553
13560
13583
13588
13589
13596
13599
13603
13613
13620
13625
13632
13636
13637
13639
13644
13652
13657
13662
13667
13669
13672
13690
13695
13701
13713
13727
13733
13734
13736
13742
13744
13747
13749
13751
13753
13760
13764
13768
13770
13773
13780
13786
13798
13808
13824
13831
13840
13863
13872
13879
13888
13895
13924
13928
13935
13936
13942
13949
13950
13958
13959
13964
13966
13967
13975
13976
13978
13987
13988
13989
13993
13999
14005
14020
14030
14062
14079
14083
14084
14101
14102
14104
14122
14123
14124
14129
14134
14137
14139
14153
14164
14165
14182
14183
14186
14201
14213
14225
14231
14233
14240
14241
14243
14248
14250
14254
14260
14265
14277
14284
14292
14303
14319
14325
14332
14334
14338
14348
14350
14353
14355
14357
14372
14377
14381
14409
14412
14419
14422
14423
14429
14453
14456
14469
14478
14479
14480
14485
14489
14495
14498
14502
14511
14523
14529
14538
14543
14550
14557
14567
14594
14597
14600
14603
14625
14629
14630
14635
14636
14637
14639
14641
14649
14651
14658
14661
14689
14693
14696
14701
14702
14706
14707
14724
14727
14731
14734
14751
14755
14760
14764
14766
14779
14793
14799
14806
14821
14826
14833
14839
14845
14849
14854
14872
14915
14920
14938
14941
14946
14959
14966
14968
14976
14988
14993
15010
15015
15025
15028
15033
15044
15048
15055
15056
15062
15073
15074
15077
15078
15087
15113
15126
15127
15129
15131
15135
15139
15142
15149
15150
15154
15163
15166
15170
15174
15181
15185
15191
15194
15199
15202
15208
15211
15224
15226
15230
15261
15270
15271
15279
15283
15285
15288
15290
15299
15304
15308
15319
15325
15330
15350
15354
15358
15363
15364
15368
15374
15386
15388
15396
15401
15406
15412
15427
15428
15439
15456
15464
15470
15476
15477
15478
15479
15481
15492
15500
15504
15514
15524
15525
15558
15559
15568
15569
15570
15572
15574
15575
15579
15599
15612
15621
15632
15638
15639
15641
15657
15664
15665
15677
15683
15684
15688
15690
15691
15715
15716
15717
15721
15725
15727
15735
15744
15751
15754
15782
15788
15799
15801
15815
15847
15849
15851
15854
15858
15862
15864
15869
15885
15902
15926
15928
15943
15945
15948
15954
15957
15962
15964
15969
15982
15986
15992
16009
16012
16023
16036
16042
16045
16048
16050
16051
16052
16053
16054
16063
16065
16078
16093
16108
16122
16123
16124
16125
16129
16140
16142
16146
16150
16155
16165
16169
16184
16185
16188
16193
16198
16202
16204
16205
16207
16212
16222
16224
16227
16236
16240
16242
16245
16247
16251
16253
16255
16260
16266
16273
16278
16280
16283
16299
16302
16308
16314
16318
16337
16340
16354
16358
16360
16362
16381
16386
16392
16398
16404
16414
16416
16423
16425
16428
16431
16432
16441
16444
16454
16456
16483
16488
16494
16508
16514
16520
16524
16526
16531
16535
16537
16541
16543
16556
16569
16570
16582
16587
16614
16616
16620
16623
16626
16627
16628
16640
16657
16662
16668
16670
16673
16683
16685
16687
16690
16697
16699
16704
16705
16707
16721
16722
16725
16726
16731
16732
16736
16749
16753
16754
16755
16757
16760
16762
16766
16768
16770
16772
16780
16783
16785
16790
16802
16805
16809
16823
16825
16836
16838
16854
16855
16864
16865
16866
16868
16883
16892
16893
16900
16904
16906
16910
16914
16928
16931
16936
16949
16964
16972
16978
16981
16994
16998
17000
17015
17020
17024
17031
17033
17044
17049
17058
17059
17062
17064
17067
17071
17086
17090
17091
17093
17102
17110
17131
17147
17152
17155
17158
17167
17171
17178
17187
17188
17195
17197
17201
17204
17217
17239
17240
17245
17249
17258
17260
17263
17275
17286
17309
17313
17315
17319
17331
17335
17341
17346
17353
17356
17361
17363
17368
17369
17374
17379
17385
17393
17400
17401
17409
17416
17433
17440
17441
17444
17449
17455
17457
17458
17478
17483
17499
17519
17520
17522
17528
17540
17549
17569
17587
17601
17604
17606
17617
17619
17625
17635
17636
17637
17645
17649
17652
17656
17657
17660
17665
17667
17683
17686
17700
17702
17716
17728
17734
17737
17742
17751
17757
17759
17766
17771
17773
17799
17800
17811
17814
17823
17828
17830
17834
17835
17838
17839
17842
17847
17862
17867
17875
17877
17878
17888
17902
17915
17917
17919
17922
17923
17925
17934
17940
17950
17951
17966
17968
17990
17991
17994
17997
18018
18027
18044
18045
18056
18058
18068
18070
18080
18081
18082
18090
18117
18121
18126
18128
18135
18148
18149
18161
18166
18175
18180
18193
18199
18217
18218
18227
18229
18232
18234
18243
18244
18247
18249
18252
18253
18257
18262
18267
18272
18274
18276
18277
18280
18283
18286
18288
18296
18298
18306
18307
18324
18334
18352
18353
18367
18370
18378
18386
18389
18390
18406
18407
18409
18412
18413
18418
18424
18425
18431
18437
18439
18464
18471
18480
18485
18492
18499
18506
18517
18522
18537
18540
18552
18553
18568
18583
18589
18591
18605
18606
18610
18616
18624
18626
18648
18650
18657
18658
18662
18668
18671
18672
18683
18685
18686
18693
18696
18699
18712
18714
18721
18723
18725
18728
18733
18739
18740
18742
18747
18749
18758
18764
18781
18783
18787
18800
18810
18815
18831
18834
18847
18850
18859
18864
18867
18889
18892
18893
18899
18902
18903
18909
18917
18928
18932
18943
18945
18946
18971
18980
18985
18991
18993
19024
19029
19036
19041
19042
19053
19064
19069
19075
19081
19082
19091
19101
19103
19127
19138
19140
19146
19150
19158
19167
19179
19180
19212
19220
19232
19242
19246
19248
19253
19258
19260
19265
19269
19272
19274
19277
19279
19289
19290
19291
19297
19309
19332
19336
19343
19350
19351
19367
19373
19379
19383
19385
19386
19407
19408
19411
19414
19422
19431
19432
19435
19436
19442
19449
19452
19454
19463
19467
19477
19480
19486
19491
19500
19515
19520
19524
19526
19530
19533
19534
19539
19543
19545
19549
19555
19557
19598
19599
19601
19610
19619
19624
19632
19637
19654
19661
19671
19677
19679
19681
19694
19695
19702
19703
19706
19708
19711
19725
19744
19747
19756
19761
19763
19768
19770
19772
19774
19785
19790
19795
19798
19806
19813
19823
19828
19831
19833
19836
19847
19848
19853
19868
19873
19884
19889
19896
19903
19904
19909
19911
19917
19923
19928
19930
19939
19942
19946
19948
19971
19973
19975
19985
19986
19988
19989
19993
20006
20009
20018
20021
20028
20041
20045
20055
20062
20067
20072
20089
20095
20096
20105
20106
20108
20109
20113
20126
20140
20143
20148
20151
20154
20159
20164
20168
20169
20175
20177
20189
20193
20195
20210
20214
20216
20218
20221
20226
20240
20253
20256
20261
20270
20279
20301
20306
20312
20320
20326
20328
20331
20347
20349
20350
20351
20354
20355
20360
20369
20396
20398
20406
20416
20419
20421
20426
20428
20429
20434
20439
20440
20451
20460
20464
20468
20476
20486
20505
20521
20526
20533
20539
20544
20554
20557
20563
20564
20571
20579
20584
20586
20587
20596
20600
20607
20608
20610
20616
20622
20623
20625
20628
20641
20644
20649
20655
20664
20671
20674
20680
20695
20704
20710
20714
20720
20723
20730
20749
20756
20758
20767
20776
20798
20802
20811
20826
20837
20843
20844
20847
20850
20854
20859
20865
20875
20876
20889
20906
20917
20928
20940
20947
20967
20969
20971
20983
20985
20989
20991
20993
20995
20996
21003
21042
21049
21067
21068
21082
21088
21089
21098
21112
21117
21118
21123
21143
21154
21156
21160
21161
21165
21175
21176
21197
21204
21205
21206
21207
21213
21218
21222
21223
21243
21245
21247
21256
21257
21258
21261
21280
21288
21297
21298
21300
21305
21318
21324
21329
21336
21355
21374
21388
21389
21391
21402
21415
21417
21418
21420
21421
21424
21426
21430
21434
21438
21447
21452
21456
21458
21465
21471
21481
21498
21502
21506
21507
21533
21534
21539
21540
21542
21545
21562
21577
21580
21603
21611
21616
21627
21628
21631
21632
21639
21641
21642
21646
21647
21648
21658
21664
21668
21669
21675
21686
21688
21690
21693
21696
21698
21702
21715
21721
21725
21730
21750
21751
21756
21757
21760
21763
21766
21769
21776
21777
21787
21791
21820
21840
21849
21854
21855
21856
21863
21865
21873
21874
21880
21882
21892
21896
21899
21902
21905
21907
21916
21927
21930
21936
21938
21939
21992
21997
22005
22011
22016
22025
22027
22029
22033
22042
22049
22051
22055
22067
22069
22072
22075
22095
22100
22108
22111
22114
22120
22133
22137
22141
22146
22152
22157
22164
22166
22172
22174
22179
22197
22218
22224
22229
22245
22247
22249
22256
22261
22262
22281
22287
22307
22311
22313
22318
22337
22343
22369
22370
22375
22399
22400
22402
22403
22410
22423
22435
22437
22438
22440
22471
22476
22487
22489
22495
22499
22510
22511
22514
22523
22524
22543
22563
22565
22567
22572
22576
22580
22589
22591
22607
22610
22619
22623
22633
22650
22654
22664
22674
22684
22690
22692
22697
22706
22708
22710
22720
22721
22729
22736
22737
22744
22754
22770
22784
22785
22788
22799
22807
22824
22825
22835
22856
22873
22878
22881
22886
22892
22901
22906
22908
22925
22928
22929
22934
22938
22943
22947
22954
22971
22975
22983
22985
22990
22999
23009
23014
23018
23022
23024
23030
23041
23044
23046
23055
23059
23060
23063
23067
23077
23079
23084
23088
23092
23099
23103
23104
23108
23122
23125
23128
23141
23162
23164
23168
23169
23170
23175
23179
23191
23202
23204
23205
23208
23212
23213
23219
23227
23230
23245
23248
23252
23256
23257
23262
23270
23283
23300
23301
23306
23307
23308
23322
23325
23344
23377
23388
23405
23413
23415
23430
23434
23442
23449
23460
23463
23474
23487
23497
23512
23519
23524
23525
23538
23541
23542
23560
23563
23565
23572
23588
23597
23621
23641
23647
23651
23658
23671
23683
23684
23705
23710
23728
23730
23738
23740
23747
23751
23759
23762
23764
23772
23781
23786
23787
23801
23813
23817
23818
23843
23854
23859
23878
23884
23891
23892
23899
23907
23908
23910
23922
23928
23931
23954
23955
23959
23960
23962
23963
23965
23966
23967
23968
23971
23973
23974
23984
23989
23992
23997
23999
24003
24007
24012
24032
24039
24042
24052
24057
24066
24069
24076
24087
24093
24096
24099
24107
24112
24114
24122
24124
24128
24131
24139
24147
24148
24155
24157
24170
24173
24174
24177
24187
24197
24234
24237
24247
24267
24271
24279
24280
24286
24287
24289
24291
24301
24302
24305
24309
24311
24324
24355
24366
24373
24374
24376
24378
24385
24391
24400
24419
24422
24424
24425
24427
24433
24436
24440
24442
24446
24454
24458
24480
24489
24494
24503
24507
24527
24537
24539
24540
24546
24547
24553
24556
24558
24562
24573
24588
24589
24591
24594
24595
24598
24599
24602
24603
24620
24623
24638
24640
24645
24646
24650
24653
24658
24660
24662
24664
24678
24683
24692
24694
24697
24705
24708
24709
24710
24714
24718
24719
24722
24723
24727
24729
24730
24731
24743
24746
24747
24752
24759
24766
24774
24783
24791
24792
24794
24807
24812
24820
24821
24829
24839
24840
24849
24853
24855
24857
24860
24876
24882
24886
24894
24902
24911
24912
24921
24922
24927
24941
24978
24982
24987
24988
24993
24998
25008
25014
25018
25019
25030
25050
25055
25065
25072
25073
25081
25082
25083
25096
25111
25116
25119
25123
25124
25126
25132
25136
25148
25158
25167
25168
25185
25189
25191
25192
25195
25196
25199
25205
25218
25221
25224
25229
25232
25234
25237
25238
25241
25243
25252
25255
25256
25266
25268
25270
25275
25277
25282
25290
25295
25299
25305
25308
25316
25317
25323
25324
25325
25334
25339
25347
25357
25364
25365
25375
25378
25380
25387
25390
25393
25401
25418
25423
25441
25445
25461
25462
25464
25467
25471
25474
25482
25483
25491
25502
25506
25510
25513
25520
25521
25527
25528
25534
25541
25547
25549
25556
25561
25562
25563
25569
25572
25579
25581
25583
25584
25588
25598
25600
25606
25616
25619
25623
25634
25635
25641
25642
25645
25646
25650
25656
25658
25659
25666
25671
25675
25684
25692
25694
25695
25696
25707
25709
25711
25719
25727
25729
25759
25760
25762
25771
25776
25785
25787
25790
25791
25794
25795
25807
25812
25815
25820
25821
25828
25830
25856
25859
25862
25869
25889
25909
25911
25918
25920
25945
25949
25950
25952
25958
25966
25968
25969
25982
25983
25984
25985
25988
26002
26004
26007
26009
26010
26012
26028
26029
26034
26044
26070
26080
26081
26082
26084
26090
26096
26104
26105
26116
26121
26125
26135
26136
26160
26165
26179
26185
26187
26191
26205
26206
26209
26210
26219
26231
26241
26243
26248
26260
26264
26267
26277
26280
26284
26285
26288
26292
26303
26304
26318
26321
26328
26329
26336
26347
26348
26349
26353
26368
26369
26380
26397
26413
26419
26422
26434
26440
26452
26457
26473
26491
26495
26508
26527
26529
26533
26537
26548
26552
26553
26558
26559
26560
26569
26579
26583
26586
26601
26609
26621
26648
26656
26657
26662
26668
26672
26682
26687
26691
26694
26697
26698
26711
26719
26741
26746
26750
26752
26759
26773
26775
26776
26786
26788
26792
26800
26813
26818
26825
26829
26831
26844
26854
26857
26858
26862
26865
26878
26884
26896
26908
26921
26931
26941
26945
26950
26956
26958
26968
26980
26984
26989
26993
26995
26998
27001
27005
27006
27008
27016
27021
27022
27026
27029
27031
27037
27043
27046
27068
27069
27070
27072
27082
27086
27088
27089
27093
27096
27112
27143
27148
27156
27158
27175
27179
27203
27204
27211
27217
27222
27225
27226
27227
27228
27240
27241
27246
27247
27258
27264
27274
27280
27283
27287
27288
27291
27299
27300
27305
27322
27325
27328
27331
27335
27336
27353
27355
27358
27359
27368
27369
27372
27379
27383
27399
27404
27408
27416
27418
27422
27425
27440
27441
27443
27460
27464
27473
27493
27494
27506
27513
27515
27527
27530
27535
27539
27540
27552
27554
27561
27565
27568
27581
27583
27604
27617
27623
27630
27631
27634
27639
27656
27668
27677
27680
27681
27687
27688
27695
27696
27705
27713
27719
27721
27724
27727
27731
27735
27744
27751
27752
27753
27766
27783
27786
27796
27806
27822
27840
27841
27842
27844
27849
27852
27854
27857
27863
27877
27886
27888
27916
27923
27930
27940
27946
27999
28012
28014
28015
28017
28021
28025
28032
28033
28044
28053
28056
28070
28076
28089
28096
28102
28104
28109
28121
28124
28128
28135
28138
28147
28150
28156
28162
28172
28175
28182
28184
28196
28206
28211
28243
28244
28246
28247
28257
28270
28271
28281
28306
28308
28319
28321
28326
28329
28332
28354
28360
28364
28367
28369
28371
28372
28373
28381
28382
28385
28395
28403
28404
28408
28411
28423
28429
28430
28444
28457
28458
28475
28494
28495
28520
28531
28543
28545
28546
28554
28563
28568
28572
28581
28584
28590
28598
28605
28613
28621
28622
28625
28626
28627
28640
28644
28647
28673
28683
28688
28698
28701
28709
28712
28713
28720
28723
28726
28727
28734
28736
28749
28751
28757
28762
28778
28782
28784
28791
28799
28807
28815
28831
28835
28837
28843
28847
28850
28872
28880
28884
28891
28895
28902
28903
28907
28911
28914
28924
28925
28936
28939
28951
28954
28960
28969
28972
28978
28984
28991
28993
28997
29001
29003
29004
29005
29019
29020
29021
29025
29026
29035
29053
29054
29068
29089
29090
29095
29117
29121
29125
29130
29131
29138
29146
29150
29157
29168
29171
29180
29196
29212
29217
29218
29227
29229
29231
29239
29253
29255
29264
29275
29278
29280
29285
29297
29302
29306
29318
29322
29327
29340
29359
29369
29371
29374
29382
29387
29399
29401
29422
29431
29440
29455
29459
29461
29479
29495
29500
29503
29515
29518
29525
29531
29537
29538
29541
29544
29546
29547
29560
29569
29589
29591
29600
29602
29612
29616
29623
29632
29635
29639
29642
29647
29650
29655
29661
29672
29678
29695
29699
29703
29712
29715
29719
29742
29751
29752
29754
29757
29767
29771
29773
29778
29786
29788
29796
29799
29806
29813
29825
29826
29844
29862
29872
29874
29877
29880
29884
29892
29894
29895
29901
29907
29925
29926
29933
29944
29945
29954
29963
29966
29971
29973
29975
29984
29986
29987
30014
30015
30021
30022
30031
30033
30037
30041
30043
30049
30050
30051
30055
30059
30062
30063
30065
30072
30081
30082
30090
30094
30096
30106
30120
30123
30132
30136
30137
30150
30153
30160
30161
30170
30175
30176
30177
30178
30187
30193
30202
30208
30217
30220
30231
30234
30237
30263
30268
30271
30272
30273
30277
30278
30282
30284
30288
30291
30295
30297
30298
30304
30306
30309
30314
30315
30317
30322
30345
30346
30353
30354
30363
30376
30378
30386
30392
30402
30403
30406
30416
30424
30427
30428
30435
30437
30439
30449
30452
30460
30468
30475
30477
30480
30481
30486
30489
30493
30494
30501
30504
30505
30507
30519
30551
30558
30561
30573
30579
30585
30587
30588
30608
30611
30616
30626
30627
30631
30633
30642
30643
30647
30649
30650
30663
30666
30667
30670
30674
30684
30694
30695
30707
30716
30717
30721
30724
30736
30748
30751
30758
30760
30766
30771
30790
30801
30811
30818
30819
30825
30841
30842
30843
30844
30848
30856
30866
30870
30884
30891
30894
30897
30900
30901
30903
30912
30913
30922
30929
30930
30940
30943
30947
30952
30955
30972
30973
31001
31002
31009
31022
31028
31031
31035
31038
31039
31045
31048
31051
31052
31054
31067
31076
31096
31102
31109
31110
31120
31123
31126
31128
31130
31134
31137
31142
31147
31152
31155
31160
31161
31163
31168
31176
31177
31184
31189
31192
31195
31200
31204
31207
31219
31220
31233
31235
31237
31243
31256
31265
31266
31270
31271
31277
31287
31297
31304
31305
31308
31313
31322
31323
31326
31328
31335
31353
31357
31369
31372
31378
31391
31394
31397
31399
31403
31405
31422
31424
31440
31455
31460
31467
31469
31470
31482
31492
31493
31503
31504
31505
31506
31511
31523
31568
31575
31582
31584
31588
31609
31621
31636
31637
31640
31645
31648
31657
31662
31668
31672
31682
31686
31688
31689
31701
31704
31708
31710
31723
31726
31740
31744
31745
31753
31758
31762
31767
31769
31772
31773
31780
31786
31794
31798
31802
31826
31844
31852
31858
31883
31886
31926
31939
31948
31957
31959
31961
31965
31999
32011
32022
32035
32036
32042
32048
32054
32056
32060
32064
32070
32084
32087
32096
32101
32105
32106
32112
32119
32120
32124
32129
32134
32137
32144
32146
32161
32162
32175
32179
32195
32212
32223
32224
32242
32245
32248
32250
32256
32265
32276
32292
32293
32305
32324
32325
32362
32363
32371
32376
32385
32386
32389
32391
32394
32395
32399
32411
32413
32415
32416
32428
32439
32467
32471
32489
32498
32507
32508
32511
32514
32527
32536
32540
32542
32545
32552
32560
32564
32566
32575
32580
32582
32587
32588
32593
32595
32599
32602
32624
32632
32634
32639
32660
32675
32681
32694
32705
32717
32726
32730
32742
32758
32764
32767
32773
32774
32778
32779
32790
32794
32805
32806
32830
32837
32846
32863
32864
32885
32891
32899
32902
32910
32913
32914
32923
32926
32933
32938
32940
32946
32950
32960
32964
32981
32983
32987
32988
32990
32991
32992
32993
33002
33013
33023
33026
33038
33042
33045
33070
33078
33088
33103
33115
33123
33146
33159
33170
33195
33201
33211
33215
33224
33225
33226
33227
33230
33233
33235
33239
33242
33246
33249
33280
33289
33298
33302
33309
33310
33325
33330
33364
33368
33373
33379
33392
33396
33407
33419
33425
33429
33434
33445
33454
33464
33475
33488
33496
33497
33501
33503
33505
33506
33508
33521
33530
33552
33554
33561
33576
33585
33586
33593
33601
33603
33609
33615
33640
33647
33659
33660
33668
33669
33671
33677
33683
33698
33709
33716
33718
33726
33737
33743
33747
33748
33750
33759
33768
33778
33789
33794
33796
33798
33812
33814
33818
33822
33835
33840
33843
33848
33850
33851
33871
33874
33876
33887
33889
33891
33913
33924
33931
33940
33951
33957
33963
33966
33976
33994
33996
34002
34009
34010
34019
34026
34027
34033
34035
34040
34041
34042
34043
34046
34050
34052
34055
34059
34067
34068
34071
34072
34079
34091
34092
34094
34107
34111
34118
34119
34126
34130
34132
34136
34144
34147
34155
34156
34160
34162
34169
34171
34180
34181
34184
34185
34188
34197
34202
34203
34204
34209
34211
34235
34239
34241
34243
34250
34251
34252
34292
34309
34314
34319
34320
34321
34329
34333
34334
34336
34338
34347
34349
34351
34354
34355
34359
34363
34372
34379
34390
34394
34396
34397
34400
34401
34403
34404
34417
34425
34428
34438
34439
34449
34452
34453
34455
34458
34459
34475
34487
34495
34502
34534
34539
34541
34546
34549
34564
34567
34573
34591
34595
34598
34599
34614
34615
34625
34633
34637
34644
34649
34653
34657
34665
34670
34674
34684
34685
34687
34691
34702
34717
34724
34730
34733
34749
34759
34773
34775
34778
34779
34784
34785
34786
34789
34794
34800
34801
34810
34812
34818
34823
34827
34830
34831
34839
34865
34870
34879
34888
34889
34890
34900
34908
34916
34917
34919
34921
34928
34931
34932
34938
34959
34964
34965
34988
35008
35014
35019
35026
35034
35073
35074
35077
35084
35089
35092
35094
35112
35122
35130
35135
35143
35152
35156
35173
35175
35176
35183
35185
35193
35195
35197
35198
35201
35216
35227
35229
35237
35242
35245
35250
35260
35270
35281
35284
35290
35307
35310
35313
35314
35315
35320
35321
35322
35327
35331
35333
35345
35351
35360
35362
35377
35380
35392
35394
35396
35400
35404
35409
35415
35418
35419
35427
35428
35434
35447
35465
35470
35471
35491
35497
35499
35505
35509
35517
35522
35529
35535
35544
35551
35554
35567
35571
35583
35588
35590
35599
35601
35602
35611
35619
35630
35664
35667
35674
35675
35686
35720
35727
35729
35732
35738
35744
35745
35758
35768
35775
35791
35799
35806
35822
35840
35850
35863
35899
35902
35904
35910
35918
35922
35923
35924
35928
35939
35945
35951
35954
35955
35965
35966
35983
36006
36014
36023
36028
36029
36031
36032
36040
36076
36082
36098
36102
36107
36108
36109
36133
36134
36138
36146
36148
36152
36156
36158
36163
36169
36173
36174
36176
36187
36188
36193
36203
36207
36210
36216
36219
36226
36230
36250
36254
36275
36281
36290
36300
36309
36310
36317
36319
36337
36350
36352
36366
36370
36385
36401
36417
36431
36439
36446
36455
36456
36457
36472
36477
36482
36489
36492
36494
36496
36500
36519
36520
36522
36533
36539
36552
36568
36571
36573
36576
36578
36581
36583
36584
36591
36610
36612
36615
36616
36625
36635
36639
36649
36650
36652
36664
36665
36682
36689
36690
36694
36703
36704
36705
36706
36709
36716
36720
36728
36735
36749
36756
36757
36763
36773
36774
36778
36792
36796
36808
36817
36819
36825
36834
36838
36841
36853
36863
36872
36876
36887
36894
36899
36908
36912
36923
36927
36933
36936
36947
36957
36969
36970
36983
36999
37005
37007
37008
37009
37020
37022
37023
37045
37054
37063
37069
37089
37099
37100
37109
37114
37119
37126
37127
37136
37141
37145
37146
37149
37151
37161
37165
37170
37177
37190
37197
37201
37206
37212
37218
37223
37231
37232
37238
37239
37243
37247
37250
37257
37262
37265
37278
37279
37280
37290
37302
37332
37333
37335
37347
37348
37358
37366
37376
37379
37385
37387
37394
37399
37413
37431
37432
37438
37443
37444
37450
37467
37468
37474
37484
37492
37501
37510
37511
37529
37530
37531
37532
37561
37569
37576
37582
37599
37604
37617
37635
37640
37641
37657
37658
37664
37667
37674
37678
37686
37694
37700
37704
37706
37707
37709
37711
37720
37727
37728
37730
37738
37767
37772
37775
37782
37785
37786
37789
37799
37804
37816
37836
37842
37843
37847
37851
37859
37872
37881
37884
37888
37889
37896
37897
37899
37900
37906
37908
37913
37920
37921
37923
37930
37935
37957
37971
37985
37989
37990
37999
38011
38017
38019
38029
38043
38046
38052
38055
38061
38072
38074
38078
38087
38088
38106
38109
38119
38122
38137
38138
38141
38142
38145
38160
38164
38173
38181
38184
38187
38197
38238
38250
38252
38256
38259
38262
38273
38275
38281
38286
38287
38289
38296
38301
38306
38307
38311
38318
38331
38333
38334
38351
38353
38355
38362
38382
38399
38404
38406
38413
38415
38427
38428
38439
38464
38466
38493
38495
38497
38499
38504
38513
38516
38525
38533
38534
38539
38543
38544
38545
38562
38583
38603
38608
38611
38613
38620
38626
38628
38643
38645
38648
38649
38651
38657
38677
38679
38680
38684
38685
38689
38702
38712
38713
38714
38720
38723
38727
38728
38737
38743
38744
38748
38754
38755
38767
38782
38784
38791
38797
38798
38816
38819
38825
38826
38841
38843
38853
38855
38859
38881
38886
38894
38896
38899
38908
38915
38933
38968
38975
38981
38987
39001
39021
39034
39038
39044
39049
39061
39065
39077
39078
39079
39080
39086
39087
39088
39089
39098
39099
39104
39105
39112
39113
39131
39133
39149
39152
39164
39167
39173
39178
39191
39196
39201
39204
39211
39213
39218
39220
39231
39232
39256
39268
39269
39278
39290
39292
39293
39296
39310
39318
39323
39336
39337
39341
39348
39370
39371
39378
39379
39386
39391
39402
39403
39408
39413
39423
39425
39426
39428
39430
39437
39440
39448
39456
39468
39473
39477
39484
39492
39506
39517
39536
39545
39549
39555
39556
39565
39566
39573
39575
39578
39581
39595
39604
39608
39609
39613
39617
39623
39624
39633
39636
39638
39683
39687
39689
39697
39700
39704
39705
39717
39719
39732
39741
39745
39749
39754
39759
39763
39764
39767
39768
39771
39778
39792
39804
39809
39813
39817
39822
39825
39829
39834
39839
39840
39852
39856
39864
39866
39876
39878
39886
39889
39892
39901
39903
39904
39906
39908
39920
39922
39923
39925
39938
39945
39947
39948
39956
39962
39973
39984
39985
39989
39990
39993
39998
39999
40000
40001
40005
40007
40019
40020
40030
40035
40040
40043
40061
40066
40079
40086
40089
40093
40104
40110
40114
40118
40134
40135
40140
40141
40147
40148
40151
40162
40165
40171
40177
40179
40183
40187
40188
40195
40201
40205
40209
40217
40218
40250
40253
40255
40260
40265
40270
40278
40280
40290
40291
40292
40308
40309
40311
40330
40331
40333
40334
40337
40345
40346
40349
40352
40358
40364
40368
40372
40379
40388
40396
40405
40407
40408
40422
40438
40454
40455
40456
40467
40470
40471
40474
40476
40478
40485
40503
40504
40510
40515
40518
40519
40528
40531
40532
40535
40549
40564
40569
40583
40585
40599
40609
40611
40619
40624
40643
40648
40652
40659
40668
40674
40689
40691
40694
40699
40705
40707
40709
40716
40717
40719
40728
40736
40740
40743
40748
40749
40750
40758
40760
40770
40771
40774
40786
40791
40797
40799
40802
40809
40810
40818
40826
40827
40835
40842
40845
40864
40866
40878
40879
40882
40894
40897
40900
40921
40926
40929
40933
40938
40941
40954
40960
40961
40963
40966
40968
40969
40977
40981
40982
40984
40985
41000
41002
41006
41010
41012
41015
41019
41021
41023
41025
41033
41036
41039
41045
41052
41056
41059
41069
41070
41071
41081
41082
41087
41089
41093
41104
41107
41110
41111
41116
41122
41123
41125
41133
41138
41139
41170
41172
41182
41187
41188
41208
41215
41216
41217
41233
41243
41246
41248
41263
41279
41286
41303
41308
41317
41320
41327
41345
41348
41350
41355
41365
41380
41382
41386
41391
41392
41394
41395
41396
41397
41409
41410
41424
41425
41429
41430
41433
41442
41445
41447
41458
41460
41468
41478
41479
41482
41498
41506
41511
41522
41529
41534
41536
41545
41548
41562
41575
41588
41594
41597
41599
41602
41610
41612
41619
41649
41652
41655
41666
41669
41674
41675
41684
41686
41694
41697
41700
41701
41703
41726
41733
41738
41746
41747
41749
41762
41765
41766
41767
41769
41771
41772
41789
41790
41795
41801
41802
41804
41812
41816
41827
41828
41832
41835
41855
41868
41870
41888
41891
41924
41932
41934
41936
41938
41940
41950
41951
41953
41957
41965
41972
41973
41978
41981
41999
42002
42020
42025
42026
42028
42030
42038
42042
42048
42051
42057
42064
42065
42066
42071
42073
42077
42078
42084
42086
42089
42090
42102
42121
42140
42151
42155
42157
42165
42166
42167
42170
42172
42174
42199
42230
42233
42236
42242
42248
42250
42252
42267
42271
42279
42299
42304
42306
42319
42330
42341
42347
42364
42366
42384
42392
42399
42408
42422
42424
42434
42445
42448
42449
42459
42467
42475
42482
42487
42489
42499
42501
42509
42524
42534
42563
42564
42567
42581
42586
42589
42594
42604
42615
42621
42623
42627
42639
42640
42642
42643
42657
42658
42661
42662
42663
42674
42685
42692
42699
42703
42716
42726
42744
42748
42764
42766
42775
42779
42781
42786
42788
42789
42798
42802
42824
42829
42832
42834
42836
42841
42845
42852
42856
42869
42875
42879
42885
42895
42897
42898
42905
42912
42913
42921
42926
42932
42936
42938
42942
42948
42950
42960
42967
42972
42982
42999
43001
43003
43005
43009
43017
43021
43043
43049
43051
43059
43061
43080
43085
43093
43100
43105
43124
43126
43149
43151
43154
43172
43178
43179
43184
43199
43203
43205
43212
43213
43222
43223
43236
43237
43244
43250
43251
43266
43275
43277
43281
43283
43284
43287
43298
43305
43311
43316
43323
43326
43327
43332
43335
43340
43344
43349
43355
43356
43364
43373
43378
43380
43383
43393
43399
43403
43404
43419
43426
43433
43450
43453
43455
43461
43464
43470
43471
43472
43474
43476
43480
43488
43490
43494
43498
43502
43504
43511
43515
43525
43529
43541
43553
43561
43562
43567
43572
43573
43591
43601
43603
43605
43609
43616
43619
43622
43628
43633
43636
43639
43643
43651
43653
43655
43656
43665
43668
43672
43680
43689
43695
43706
43709
43712
43723
43728
43731
43733
43734
43746
43757
43771
43788
43801
43803
43818
43827
43828
43829
43833
43847
43852
43853
43855
43882
43884
43888
43906
43916
43930
43940
43946
43955
43959
43967
43980
43991
43996
44006
44012
44015
44020
44023
44035
44036
44037
44054
44059
44075
44082
44092
44097
44103
44107
44122
44123
44126
44133
44136
44141
44148
44155
44164
44170
44188
44189
11
34
79
198
204
222
276
301
357
414
420
447
